M100backLCM.txt
0.4844829115563529
0.515517088443647
-- 

M100breastLCM.txt
0.4680007190727216
0.5309199593579791
-- 

M100flyLCM.txt
0.46616342619581286
0.533836573804187
-- 

M100freeLCM.txt
0.47871289017573265
0.5212871098242674
-- 

M1500freeLCM.txt
0.030947517637851307
0.032956975942057834
0.03341633169988621
0.03341137513815302
0.03357800560504474
0.03341628141484102
0.03353574424568902
0.0335503992535365
0.033408264988258156
0.03350087016545127
0.033476668985314796
0.03358451590587144
0.03342276880326709
0.03354369393797938
0.03346859495359687
0.033543745544697294
0.0335160590811666
0.0336253296868587
0.03355520566717426
0.033641612621391086
0.03352085651549323
0.03354039808450037
0.033526049553174876
0.03348830633319986
0.03340975733446372
0.033556734061115055
0.03353233857426331
0.033581097668266
0.03306094191658588
0.031557823043892014
-- 

M200backLCM.txt
0.23610424348389528
0.2510570767646687
0.2532672057680037
0.25122938229134023
-- 

M200breastLCM.txt
0.2298382553202063
0.2549077468792974
0.2578058822885828
0.25744811551191354
-- 

M200flyLCM.txt
0.22350064829841937
0.25402540774541754
0.25877532347651905
0.26369862047964404
-- 

M200freeLCM.txt
0.2350551983150996
0.25300947388747835
0.2566704687451594
0.254170747539025
-- 

M200imLCM.txt
0.21594936785938765
0.2532570129153226
0.28748841311300466
0.24330520611228507
-- 

M400freeLCM.txt
0.11737551170002779
0.12600145609644606
0.1279789688272021
0.1291352281441589
0.12719879976660997
0.12749644452848374
0.12459299904069593
0.12008441130844984
-- 

M400imLCM.txt
0.10488208405506906
0.12065381787828236
0.12865065084594088
0.1254497328997972
0.1409632926832844
0.14356252367577102
0.12005567847378866
0.11578799592827736
-- 

M800freeLCM.txt
0.05813657466678154
0.06261997823397387
0.06319747459540709
0.06305394755682803
0.06353433309171236
0.06339817588482805
0.06339333913630402
0.0631106490095336
0.06303355416245411
0.06292451490869334
0.06301667045241387
0.06327828315254368
0.06285578964743317
0.06297195347790903
0.06161224072323592
0.059862521299948374
-- 

W100backLCM.txt
0.4865821485018659
0.5134178514981341
-- 

W100breastLCM.txt
0.467568706515978
0.5342181175983788
-- 

W100flyLCM.txt
0.4676418203310076
0.5319753898971351
-- 

W100freeLCM.txt
0.482973652287361
0.517026347712639
-- 

W1500freeLCM.txt
0.030935164642288144
0.03313229271468498
0.03321140758528285
0.03342157080661094
0.03332006596959338
0.0336286630636285
0.03350036214883559
0.03354810594252567
0.03343396261672199
0.03347294147338182
0.03335837995457348
0.03348817604329738
0.03342523465160414
0.033536426495333616
0.03338886899780024
0.03350800306782529
0.033437074263195886
0.033525140416882045
0.03344916252984354
0.03356117579335528
0.03342379134849678
0.03355365859248355
0.03352589199609938
0.033605633181421006
0.033409996957414624
0.033683255152406444
0.03348848175108549
0.03342668274709737
0.033335075182737234
0.03216986724979739
-- 

W200backLCM.txt
0.2378500511044176
0.2553827179352221
0.2547308097321896
0.25372019431287884
-- 

W200breastLCM.txt
0.23131883120889934
0.25490471985577046
0.25581577768582026
0.25796067124950983
-- 

W200flyLCM.txt
0.22604644473142288
0.256027239191186
0.2599348201945432
0.25799149588284787
-- 

W200freeLCM.txt
0.23763347841067559
0.25160792676809945
0.25702057942535683
0.25483827065508835
-- 

W200imLCM.txt
0.21633577925267247
0.2531511683869746
0.29231807707089624
0.23737497122665854
-- 

W400freeLCM.txt
0.11729048430933701
0.12497213169614829
0.12623671990351829
0.12708615984301566
0.12708503792376605
0.12744546370235765
0.12655334141813412
0.12333066120372288
-- 

W400imLCM.txt
0.10715248743396011
0.12224559531315345
0.12882873712542944
0.1252174449040649
0.14245458298163663
0.14582903500495079
0.1157945600646287
0.11269383155579406
-- 

W800freeLCM.txt
0.06015732364467084
0.06230609513144566
0.06293518848783008
0.06295521815748234
0.06320933278011166
0.06310074395348281
0.06311403343051278
0.06283882347431682
0.06303577898195614
0.06313726053467995
0.06334646102403993
0.06336793843235662
0.06371932144122598
0.0626973958889118
0.0611844807849692
0.046572624766774845
-- 

